pixels_per_mm_grid = 2.297063
pixels_per_mm_ball = 2.969775
grid_to_camera_mm = 271.50
ball_to_camera_mm = 210.00
calibration_points = (174, 324), (387, 238)
real_dist_mm = 100.00
num_squares = 4.0
camera_id = 0
ball_type = red_ball
hsv_lower1 = [0, 100, 100]
hsv_upper1 = [10, 255, 255]
hsv_lower2 = [160, 100, 100]
hsv_upper2 = [179, 255, 255]
